2
0,2
and
0
0

2
0,3
or
1
0

3
0,3
or
1
1
0

3
0,3
and
1
1
1

4
0,2
and
1
1
0
1

4
0,1
or
0
1
0
0

5
0,3
or
0
1
1
0
0

5
0,1
and
0
1
1
0
0

6
0,1
or
0
1
0
0
0
0

6
0,1
and
0
1
0
0
0
0

7
0,1
and
0
1
0
1
1
1
0

7
0,1
or
0
0
0
1
1
1
1

8
0,1
and
0
0
0
1
1
1
0
1

8
0,1
or
0
0
0
1
1
1
0
1

9
0,1
or
0
0
0
1
1
1
0
1
0

9
0,1
and
0
0
0
1
1
1
0
1
0

2
0,3
xor
0
1

3
0,3
xor
0
0
1

4
0,1
xor
1
0
1
0

5
0,2
xor
1
1
0
0
0

6
0,3
xor
1
1
0
0
0
1

7
0,2
xor
1
1
0
1
0
0
1

8
0,2
xor
1
1
0
1
0
0
1
1


9
0,2
xor
1
1
1
0
1
0
0
1
1